NBC-1	NBC-10	NBC-100	NBC-101	NBC-102	NBC-103	NBC-104	NBC-105	NBC-106	NBC-107	NBC-108	NBC-109	NBC-11	NBC-111	NBC-112	NBC-113	NBC-114	NBC-115	NBC-118	NBC-12	NBC-120	NBC-122	NBC-123	NBC-124	NBC-125	NBC-126	NBC-128	NBC-129	NBC-130	NBC-131	NBC-133	NBC-134	NBC-135	NBC-136	NBC-138	NBC-139	NBC-141	NBC-142	NBC-143	NBC-144	NBC-145	NBC-146	NBC-148	NBC-149	NBC-150	NBC-151	NBC-152	NBC-153	NBC-154	NBC-155	NBC-156	NBC-157	NBC-158	NBC-159	NBC-16	NBC-160	NBC-164	NBC-166	NBC-167	NBC-168	NBC-169	NBC-17	NBC-170	NBC-171	NBC-172	NBC-173	NBC-174	NBC-175	NBC-176	NBC-177	NBC-178	NBC-179	NBC-18	NBC-180	NBC-181	NBC-182	NBC-183	NBC-185	NBC-187	NBC-188	NBC-189	NBC-190	NBC-191	NBC-193	NBC-194	NBC-195	NBC-197	NBC-199	NBC-20	NBC-200	NBC-201	NBC-202	NBC-204	NBC-205	NBC-206	NBC-207	NBC-21	NBC-210	NBC-211	NBC-212	NBC-215	NBC-217	NBC-218	NBC-219	NBC-22	NBC-220	NBC-221	NBC-223	NBC-224	NBC-225	NBC-226	NBC-227	NBC-228	NBC-229	NBC-23	NBC-230	NBC-231	NBC-233	NBC-234	NBC-235	NBC-236	NBC-237	NBC-239	NBC-24	NBC-240	NBC-241	NBC-242	NBC-243	NBC-246	NBC-247	NBC-248	NBC-249	NBC-25	NBC-250	NBC-251	NBC-252	NBC-255	NBC-256	NBC-257	NBC-258	NBC-259	NBC-26	NBC-260	NBC-263	NBC-264	NBC-265	NBC-266	NBC-269	NBC-27	NBC-270	NBC-273	NBC-29	NBC-3	NBC-30	NBC-31	NBC-32	NBC-34	NBC-35	NBC-36	NBC-37	NBC-38	NBC-39	NBC-4	NBC-40	NBC-41	NBC-42	NBC-43	NBC-44	NBC-45	NBC-46	NBC-47	NBC-48	NBC-49	NBC-5	NBC-50	NBC-51	NBC-52	NBC-53	NBC-54	NBC-55	NBC-56	NBC-57	NBC-58	NBC-59	NBC-60	NBC-61	NBC-62	NBC-63	NBC-64	NBC-66	NBC-67	NBC-68	NBC-69	NBC-70	NBC-71	NBC-72	NBC-73	NBC-75	NBC-77	NBC-78	NBC-79	NBC-8	NBC-80	NBC-81	NBC-82	NBC-83	NBC-84	NBC-85	NBC-86	NBC-87	NBC-88	NBC-89	NBC-9	NBC-90	NBC-91	NBC-92	NBC-93	NBC-94	NBC-95	NBC-96	NBC-97	NBC-98	NBC-99
CDK4	11.483753446745	11.70472699751	11.5622248152289	10.883754755969	10.9152797136983	10.6912047943358	11.1561353446146	10.9801598041313	11.5354322992761	11.6299248545034	11.1619382339122	11.0717212875412	11.8317768454741	11.270905474865	11.6294121445005	11.1581059294935	10.9167495517559	10.3842940234438	11.459056907427	11.8490082226017	10.3326710573475	11.1551072888714	10.6753680661166	10.6679320291359	11.2351369125159	11.1256846538584	11.0888491483811	11.3364482795347	11.4676680697957	10.3727866813039	10.7833072928594	10.945608634837	11.2248232937283	10.494830734266	11.0619065931981	10.7499068200158	11.177536246521	10.8739748236151	10.5659939744303	10.6166159158825	11.2171351421544	10.5203783377101	11.2530536956536	10.8881472075364	11.6561677338603	11.8393500751899	11.8132631539855	12.2792956183222	11.3853552076454	11.9928334286436	11.3064621453848	12.2214844159356	11.0168736322599	12.1882824332356	11.5993554480264	12.9836555687091	11.234982836142	10.6113826843585	11.4051851690824	10.7685089653433	11.9964676537449	11.4486333705069	10.8439715902278	11.9712861537579	11.5213108327228	11.0065422672623	11.3067957024178	11.3187422464032	11.7079084344565	11.7900329132512	11.740775642077	12.1660568179041	11.5473731532419	11.7016287505423	12.2808738774975	12.9428092763631	12.512377540389	11.8791604465617	11.8370120123171	11.2277295415753	10.9376801270601	11.5148283498135	11.7885392626399	11.0661304430645	11.4687591366309	11.0505995549947	11.4680879895353	13.6562001649031	11.4891541038535	10.7403619155586	11.2795296668555	11.0978642585264	11.8043537836922	11.0007630326818	10.9215266383151	12.5724961358864	11.2286620978176	11.5017013444795	14.7450675953295	11.3679371527033	10.074550985204	11.706117540813	10.7109995982508	10.869403420972	12.0620304654624	11.9087731716753	11.2596901322465	11.1342642099745	10.6473470818994	10.8455438849345	14.5418461117001	10.7119034991549	11.7248598615964	12.1318139936261	10.5987929384437	12.3037354516104	11.6601239439658	12.4620933823607	11.0744271498118	11.5548171193702	12.6652143556863	13.7076123333215	11.7373293612638	12.1217136069356	11.7510105446597	13.9907865161092	11.62997352952	12.0986877971182	11.7044909959202	12.3310102290801	14.2717485452353	11.7372533011889	12.5925405538968	11.0582953327705	10.8171538368384	11.2294687602829	11.7932423869962	11.5792253000551	10.7618635255801	11.9174772107253	11.4686754740771	11.9239239359287	11.579725669865	11.5056380603768	10.5304448118816	10.5315077998979	11.6056289211142	11.1528393088594	12.2336480550562	11.1033449536628	10.4971885438744	13.17541532622	11.5384830752302	12.048715791356	11.9622481599426	11.7455821691996	11.8173546110683	12.0201940987951	11.0251626648357	10.8866460478149	11.4021289755264	12.4428146806029	11.085206037273	10.4980307199117	11.3248055218744	11.3225441219818	11.0937060866727	11.9073070190627	11.0268284863894	10.9948433365691	10.9161697557278	11.8173114811139	11.0547031690516	11.5798362073429	11.4259036361766	11.9170047334801	11.5067133258413	11.3879752737619	11.5352925624939	11.4636120489555	12.1844011333842	11.2978137958674	10.1734258306315	10.7749454951381	10.9931824034456	11.4984144953822	11.6299229573766	11.8192986346982	11.102768214717	11.6808877411499	11.3062215152511	11.0393973624127	11.3828734719983	10.5349922014606	11.2962406538525	11.0938857208687	10.9717930986181	10.6666640969181	10.3470968353869	10.6062329253863	10.7793709122831	12.9255096169048	11.0671835677025	9.91913977248695	10.4006975928872	10.4466771568792	10.8541575972075	10.3241996853237	11.2435507460248	11.6172088835878	11.7564638872827	10.6971496410081	11.6154355249978	10.8630384973373	11.3274223976944	10.4233125686054	10.5073051978967	10.6722103280895	10.2492857093678	11.3592350856805	11.3810004777263	11.2089520285872	11.9358663998867
EPB41L4B	8.1519094877045	7.54752127241546	10.4403174476371	8.64213709984943	11.0617367301995	9.82345753213135	8.72391009226861	10.3516069859959	10.2526084165446	8.9546905566732	10.1062181861661	8.29439604244053	8.02772405525076	10.2856547349696	9.93406793950386	9.7750608687774	7.86012652453758	10.8679815746933	7.93855134028605	7.07324739543949	12.1487991454845	10.1017034629699	9.26072671525314	10.6190206758569	10.2849420524814	9.64175649178279	10.2791240233938	9.99144892129559	9.93245379883226	10.1964423971633	9.05496012964235	9.51004604966266	10.7384262551464	9.86786638158321	9.63281581484658	10.2369470084965	10.0069570562594	9.46093514271474	10.5042493723394	10.2545926706688	9.43680170235606	10.2132860287909	10.1023212653629	10.0599496407596	8.55253371622064	9.63234206580683	9.63684622271004	8.78657378273915	6.30635624463892	7.26898720035822	10.8309110253506	9.08193303602656	8.30845740615936	7.73285275042012	9.61481370529106	7.28913997600703	8.30708094082457	9.81035674630994	7.1747172771073	10.0852618568969	7.22316487835081	8.98315200991006	8.12969218480829	10.0401075088205	8.61624319129516	9.18742898472076	8.95209732686608	8.93962698622113	8.06992901891071	7.56288779198747	9.72583148218144	9.06614619753097	9.61142456122758	8.11419309877562	7.14679025952394	7.66832186526094	6.34117827498787	7.90872234795544	7.88711935354655	9.49982356050344	9.92863005618276	7.88804764126065	8.14413581822684	8.78397494988983	8.6346575324384	10.911431250443	8.2591859934216	6.72601557870003	7.90204311845692	9.53570905043782	9.23416613590836	7.86958952172411	9.28615020096241	8.07079352809922	10.2276596407327	8.19393359678359	8.56760780938201	7.41447673237439	8.72002239802763	7.47879613931758	9.53155185313523	8.75105382283931	10.2677606414386	10.5682893736835	8.83505888699098	9.07121556230641	9.52787499344181	10.1466518773243	10.8592965935046	6.66351844398667	9.83193285155935	9.53003419433184	8.13742215708175	8.74109238235213	8.82558984115784	9.40708168585883	9.44261737292228	7.09004203258497	10.4453672965956	8.51335045203214	8.67889356139043	9.66170577177061	9.07701040493081	6.62524545950486	10.6867615062479	9.38624236733704	11.3257284355161	8.47034167807178	8.5153509920537	9.43935736061986	8.91546239658008	9.88477647343131	8.4048297320309	9.73520886661858	9.10950312279807	8.99086140542477	8.98729559791655	9.53073692571517	8.29737637129105	8.64287288068609	9.5890608893282	7.86579091567795	10.3857895431534	9.75679752680288	9.1212033686999	8.90827363341647	9.08529758096923	8.83733463451683	9.84131981043332	9.28447594002465	9.59477643048485	7.6057938916977	7.79581957576021	9.29579359062326	5.68937986759234	5.05974369413756	9.00187735869211	9.46267578542655	9.10148405179949	10.176514942184	10.2949507597027	9.09748094299486	9.28625165019784	10.0191601002976	8.251368096111	8.50601640001496	10.6004848742792	9.05460991610503	9.88684592783661	9.61198642593861	9.94729659961484	8.95545448787252	9.37083976954584	9.25735804980768	9.82787930663014	8.71163892072599	9.39625478626533	9.44707449127833	9.74758977188827	9.54475984463762	9.61387829116731	10.0597521539646	11.8940334886916	11.1188032132561	9.00580112343319	8.24152534302323	9.74066606216562	9.54083407984354	9.25705359646123	8.66882010641454	8.74127115971416	9.25570739923411	8.90288205044284	8.47297786406121	8.37017338092435	8.72564105898264	8.05638893287679	10.1191816652049	9.79566768855096	9.25163902034389	10.9455159497121	7.91708449741837	10.1271023923856	10.2592801172645	10.1315983810689	9.9885927997281	9.70344372830034	8.7537289384389	9.67758188781918	8.96437044679044	9.31727818705117	10.4959403036651	7.31898972956391	10.5735844676303	8.39422146371685	8.96885160779428	9.39005230066692	10.6669412659485	9.90935638554057	9.58417176390351	10.9190057859962	9.59691701296592	9.09448898798229
GDAP1L1	14.2489802521022	13.5765262184194	15.4950800140752	14.5300109849451	12.2395184571064	14.1924839643399	14.615212157991	14.5870928031821	13.738787937604	14.9729803694336	14.6616843107527	14.5272524414775	14.3002308504238	15.1683680468122	14.7807209956397	14.2186564906764	14.1781960087455	14.3033161089145	14.7751944722677	14.2970286045127	13.7067909859717	14.1887077862955	13.5444138882439	14.3535069313536	13.1747757642068	15.2277827051974	14.9343600863975	14.6895930549207	14.3425824488841	14.4630089633595	13.7498072819632	14.9005662089251	14.3869120476407	14.6074029095631	13.0527462918785	14.2451424399134	13.8666652686333	14.2467190415673	14.4771739616511	14.3724993419778	14.5928268632223	14.1546776294408	14.1731496617753	14.708668920408	15.2462834436102	14.0524211179166	14.8741783365365	15.1657115960786	15.1017798118597	15.2533617143647	14.8408781617812	14.6044268690835	15.6200901549496	14.8111461804323	14.3392568799807	14.9190441555603	14.2391428259188	14.6528955568501	15.8623925566472	14.1724352186023	14.4550673456399	14.8079086306772	14.9925384887879	15.4967372270023	14.1804860342008	15.2447916098452	14.3112831937534	15.2547722219645	15.8005243442313	14.9634457235009	15.1084170210308	13.7669496921485	14.4603958835552	14.783992326034	14.3104810944067	14.8068277201992	14.4312395048138	15.0575518665285	15.1983846919832	14.9296195170885	14.11130575094	15.2476824002973	16.2823099093624	14.9238183432675	14.5654637133315	14.1466662902121	14.0340703116738	13.3703873287228	15.1914084185176	13.9284375757267	14.783992326034	14.5426362786403	14.101530140863	13.6930942947369	13.738787937604	15.3503320816902	13.318834854613	14.9061881019211	13.491180530647	14.5126645168211	11.9774478166688	12.6492037029413	14.5806277679576	13.973675740661	13.5512041729804	12.7693165015284	12.8172480027039	14.2513120678614	14.7689769595885	10.3608085300516	12.3451480335728	13.8741874678944	12.5258236933115	13.2378474028689	14.6956114446001	13.1491232563378	13.8312783905526	12.742354633497	13.3615470521019	13.9174196785824	15.2476824002973	14.700624799605	14.494743576114	13.7410532750321	13.748067835684	13.738164797094	15.3142779106711	15.1030844320424	15.4577464869086	14.9717912259068	13.8723364885933	13.9840989970582	15.491915249571	13.7927260156184	13.7669496921485	13.6798317135704	14.3484385122997	13.4794042420527	13.7253910954357	14.6074029095631	12.1514720127687	15.0112274931279	14.3049115128305	13.8120452862903	13.7016547296788	13.8379295032196	14.3517752907483	13.7699290090643	14.4052852473473	13.3144387880896	12.3068303128307	12.9795142497783	13.5956336237158	15.9233035338993	15.6620111970749	14.7166238246869	13.1402451010803	14.4052852473473	13.7339225301069	13.5635808199304	14.15321890252	14.5108920885683	15.1348340736251	14.8432614344007	14.5880407882266	13.984749706592	14.0334241111818	14.2030659144019	14.0967102568195	14.4504926118325	14.0558903671763	13.7651974902335	14.1043330820226	13.4211701074036	13.5831463101909	13.3391889006451	13.6139616943209	14.0919871956843	14.6865611651871	13.9412748230984	14.6596397151604	13.9199688103841	14.1984456726152	14.0076952600627	14.2583665489841	14.4156301529734	14.9729803694336	14.2880321892874	14.1818667654114	14.2164397980845	13.8384856591979	14.7176263504923	15.3882943834825	13.5140019785667	14.3409360373571	13.216746252336	13.8213698065209	13.8786363583431	11.912392914112	14.6985924282776	14.7596824146871	14.3501335653891	15.0913178822941	13.8942074398381	13.8748011096629	14.4656271947227	14.467375498649	12.4973925091866	15.2349086609365	14.5626601948307	14.143897820396	14.0346886522464	14.5559153464233	12.3126967424125	14.5720268782414	14.5908692587473	14.3186757916835	13.9193283342128	14.3724993419778	14.0011442992215	14.8089672106452	13.859229771022	14.8330618011191
ID2	11.5222454392285	12.2586084344801	9.9941210915841	10.4736846314059	11.1166050447376	12.1008321407507	10.7248257282945	12.6033353987194	10.5007203990896	11.5617168742469	11.3988978902302	11.5357576167949	11.2410335293575	11.8227743402634	11.9519650356913	10.871942400848	11.8343542387156	10.6716843439134	11.1970166685386	11.4050363754934	12.4993955675843	12.9790205326414	12.4043475479251	11.6414678534998	12.1197159245263	10.5661679802847	11.9882240892409	12.1319532768917	11.4984822490863	10.6654495824063	11.694367203608	10.7431042730029	10.1157332774658	11.3552223317321	13.9454487118297	11.4729781786435	10.9776282940935	11.5113981025138	11.3567166694132	10.8887720967167	12.0714606689991	12.5459622477841	11.1661068175424	10.9518435948001	12.5748385870257	12.0498446983151	11.6398705407532	13.2102670808175	11.990945486152	14.2255626739554	11.3201708912464	12.9940578221756	11.2252287608786	11.3747514007445	10.1854001441869	11.9063379228895	13.3092734282622	11.0364846222312	10.5301749392412	11.8390026495765	11.5540316070277	12.1468529116112	11.838625405778	12.0956292137464	10.9571182582262	11.1220618113659	12.7768824288561	12.5281774342366	10.5089652860703	10.7194090584713	12.0293759223919	10.9484237790698	11.6653153397301	12.4410455062611	12.3324174647285	10.8975575101603	11.4181360506774	10.9822796635885	12.298692266058	11.5941584536377	13.3280677384706	10.8146425161529	10.1781431989767	11.2150832297772	10.9918920969139	11.6908919335247	11.6823699836775	11.3272514426094	11.0348589058824	11.0370778474623	11.0258949817187	13.514472139085	10.8828161242911	11.5806173194132	14.0546246712461	12.6676359497612	12.7873558532298	10.8696981802577	11.7414319995512	11.3629902620543	13.0847751180283	12.0345264202831	11.043034320001	11.8287786066844	11.039347553281	11.3408843019332	12.4162941382636	10.4414262699063	11.1368653408056	12.7105105131433	12.8464828644767	11.8196823847268	13.0086874351079	11.5544234344124	10.3206814476722	11.5047809756954	11.2033548192645	11.641417016325	11.0487106817377	12.4749291129369	11.1364968189147	10.9706463432889	11.9267701662484	11.8440702067379	10.8382706069092	12.0766866697985	13.5501133848971	11.9863924717433	10.2829850800997	11.0324036963213	12.0924321477865	10.8900579683324	11.6829592100276	11.4624533791929	11.6371050429638	12.2525444963167	11.8194363486407	11.853722910816	10.0006137150238	11.6934657433706	13.4321675752634	10.7377390391627	11.6255092716547	11.0609485430464	11.3620966184269	12.1078540112883	12.2226171481924	12.11289480396	10.3682065293708	10.1179165910956	11.962392811675	12.0680076709671	12.4647402334952	12.3612140882072	11.4693412523383	13.0308163205704	12.7125363128894	11.3120854392173	10.8398254323281	12.1114649384514	11.0232820818437	12.4107177193448	11.857284505521	11.306018560207	11.0058855905863	11.0829708691767	11.2228429340841	10.9236698026246	11.4604097185013	10.4843417901956	11.8129898656947	11.1161061946165	10.5500330342576	11.5243916771563	11.3984347588306	11.2302326954864	11.0546339692265	12.8346172942893	11.9701969914935	12.2948528477674	11.2121083732748	11.3797647970067	12.5932071586312	13.1674922515758	10.4143856174966	11.2622429623932	10.6407779028962	10.5879886569208	11.3794748592668	11.9532032328718	11.6983719190161	11.9385628952598	11.3954310086642	13.0945898081553	10.1744174086163	13.2262205223383	14.6448596071012	12.2825778603169	13.056925698411	11.8306610299141	10.7855493810497	11.9391065094374	11.0986354537961	11.7608249759926	11.6774624156681	10.9070641612169	10.4781158039103	12.2760222581706	11.5788899280898	11.9435716685425	10.9223013169376	11.7842000009491	12.0844765482965	11.9921775786264	11.4598762722717	11.9026153738003	11.8839451765257	10.4393152340532	11.7722074767901	12.8702864094588	11.7682694291811	11.3810872822789	10.5436976803232
KCTD16	8.85617510212411	8.44185194789372	9.73931991055569	11.0093911553087	9.01089237676265	8.05542832696201	9.9981892599437	10.2120343609139	10.6904876163804	11.8672115164383	10.6659200577422	8.86874666532434	10.2049665677453	10.1211375131728	11.7193290052425	10.9878604850297	10.3873215511299	11.4171660577364	8.55360745208407	7.47703426569818	9.17731013710192	9.15888815580875	11.4037173954913	10.6148636242631	9.8061382118565	10.9902747111448	10.5420010769749	11.0492179634418	10.2969550265976	10.6979687195239	10.324528317237	10.0073509848008	10.795806301747	8.38337778329761	7.21208021032845	10.1705719666239	8.10837116327805	9.95157832293922	9.59688088220928	11.1054404633981	10.5510215265523	7.98419868108958	9.4955825566101	10.9982593830298	11.8939221293237	9.28446598296285	11.3049788362854	9.35295844811369	7.969174273707	10.5236483622048	10.8068837043002	11.6744921279843	11.3674741404796	11.3143273040078	6.72930006203928	12.4495007170278	9.98429785205486	10.6962958689839	10.4002723195955	10.9859150030764	7.88777710112031	9.88210902841569	10.6633805322829	10.7774973122232	8.83060496489429	9.94178104516551	9.16107394553433	12.9173216128695	10.8106748909092	11.2459995953628	11.7591944677608	8.32391466073067	9.34599845341068	11.3633859472726	8.91845702060825	12.4967392419916	10.6784384484976	11.4679724447321	11.8170151826595	8.17719915511078	10.9868793328821	9.69653036876286	5.34711971948211	10.1646366997988	9.598784269779	10.1196717572445	10.8650891206222	12.1643734873898	9.02194537325845	11.7060529966782	9.86875117167098	10.1411547309032	9.90082420666139	9.50121639666591	8.30167883002652	12.310864086897	7.97637182797386	9.26403679012324	10.6018045156786	7.31111224095007	10.614024282639	11.5013309352567	9.98753853061088	9.63496617704624	11.6917791772436	9.31695061205564	10.6737035920224	10.3969991087796	9.49663685860009	8.0964949440734	9.76267069300244	10.0079315230321	9.27567763268411	7.71722687582919	10.6492981470062	8.85635622173037	10.0414368175845	11.1327970996576	7.60817063754705	10.1075905154839	10.5184894415279	11.4916007547757	8.70998092129041	8.4670971464095	8.88324234901452	10.6670715955135	9.1330439117201	11.819794359058	12.8768704665115	9.4682579622064	7.89009034904294	8.42429392149112	8.76175585428284	9.94679749431563	8.72997156906844	9.50075498386538	11.514318950764	10.3662075158692	8.855438280642	10.6096794342307	8.80201551165995	11.3277565475437	9.99859347198866	11.4446063429208	9.69461145772292	8.00859763906134	9.53687434692024	9.37986598084992	11.7486158327098	10.4328031463592	11.6735690607657	7.95505054466568	6.19220119902817	12.704209895929	9.34236028075492	10.8787491418062	8.69487864454145	11.1618580566587	8.24492293079066	10.3891216604034	9.86589871545855	7.83472498927303	10.6480849931111	9.97976971348356	10.9852010123665	11.0375562420528	8.51285262434974	10.2032592103301	9.74683515936301	11.1361133273762	9.53351014363348	9.55689266689063	10.4688854779494	8.38572857074847	9.56654661602727	9.53201927124493	10.3126461317425	8.51823658921634	8.36445171719829	10.5408438088883	9.68849861967651	9.80206362072269	6.74775534615943	8.07885674738268	11.8101771088459	11.5695100271806	11.3557088422323	10.1999335969266	11.2373188152109	9.77100972416721	7.92504513434553	11.2505501773922	9.77536310876603	9.0747376943367	10.5951250216847	9.77453389507025	9.35659316936312	9.19795325860635	9.70697169296234	10.69182792489	10.2428780552657	10.490134659756	10.339990941612	9.08958846782743	9.91034384574407	10.6976696191865	10.4796689575308	9.83011459538569	13.1153778605756	10.9880117381854	10.9024461911709	11.6786058439188	9.60715112493834	11.1707459578635	11.7797492953226	11.2758963332482	10.9261007985069	8.14053453523383	12.1935648522879	10.8776368593749	8.81955956940151	10.4789414445144	11.6183056000786
NDRG2	10.8951476571822	11.1875282742754	9.94342433907911	9.82587089108912	12.1356571978058	11.025756519693	9.93199157055875	10.8460973721765	12.02518548248	10.3849523354288	11.0741860639655	10.9706758024373	9.58327901519307	11.5072298121227	11.2113971973636	11.9781411552921	10.7191299645777	10.3884398312794	9.94569672165263	10.919343070404	12.5603454526499	12.8045681847503	11.4462488816237	10.4611481076889	12.1239844706736	9.80028533294599	11.8361478771486	10.2360529125393	11.6142612390408	11.0042240318417	10.9771090241598	11.1540024613555	8.58880596483474	11.9863889819264	13.3517949072702	11.962464552481	10.7579847096488	10.8042754118102	11.9851627257815	11.1221770402711	12.0976198214325	12.2254412092268	9.61720140670154	11.2918184185363	10.3583428659844	10.5105943077179	10.4941260871493	10.9042313332229	11.0637471441432	10.5842625646862	9.99550735309752	10.989447407072	10.2499990484364	10.1260775140689	12.2702001961636	10.8157400125479	9.57759574192024	11.3564602489357	11.9681300529224	10.4663656983497	10.0407908435222	12.7452674450227	10.8869488710584	11.2831275121185	10.970000445294	11.0324527948673	10.5229133936105	8.42817545104599	10.7236384113228	11.1706557130483	10.7560231494093	10.3098727723129	10.4460742694263	10.6786011090235	9.82443878946063	10.6072123668008	10.3043785183353	9.73557476876768	8.86719161951751	11.3160151081843	11.2495340253458	11.0351532766818	8.79712780393143	9.41557655205745	10.8784440252218	10.8727257095888	11.1097787320533	10.2354788847322	9.53989858045719	12.3029712947489	10.5159874653265	10.6991994375859	11.5052071187902	10.8165013304628	11.6691588619862	10.7864627431087	11.0575764217504	10.8527924856086	8.95296475598334	9.91865963261209	10.1226654328736	11.5811754524539	10.8755293811042	11.4694424480938	9.42800645016064	10.6316162171739	11.729392292514	11.0323459323354	10.6500675457911	11.3333651244601	10.1183394509921	11.3196140787634	11.7451815176702	7.76757214768871	11.4628900898887	10.9867849594416	10.7353243209971	11.9444003056749	11.1751421671128	11.6393329501929	10.507981623089	9.79956214910589	11.4737556054087	11.5106035837212	10.472961291575	12.0411656481255	12.0167271125569	10.5897508334573	11.2643162617363	10.4983367589731	9.1537660230103	9.95608929550032	10.221916451351	10.8581838582063	11.3945437104854	12.0535548411449	9.28301218495534	11.1888339952976	10.1533015618878	8.18477158441266	10.9691801865884	9.80105761465263	11.7015371199125	9.63271801707834	11.6710126797867	11.8210616227928	10.6180011004056	10.7651653422289	11.1343931859819	10.259753811945	10.8690123989845	11.7202540691472	11.5341369195476	9.04062555000696	9.24686379003078	11.1298781638626	13.1591356180177	9.64942702876891	9.55152061413832	10.8057079995662	9.85186209262982	10.3597981024826	12.1133986916515	10.1196957142418	10.4791359044653	10.8869544253219	11.2723709773382	11.173872431189	11.0082909560225	11.0520326331145	9.93609481160462	14.2689254845941	10.3787977049185	11.226210067766	9.61595765598533	10.8773296379277	11.2352423041402	10.8662737732911	11.7134720447792	11.9392115101766	10.6987896161041	10.8383479627242	11.9939017859139	12.35828865606	10.9846883273231	12.4619154857154	9.115358395083	9.40169131650509	10.9125189768718	10.5719871819285	11.8069790531552	11.3568980997851	11.1115220161235	12.2741044085056	9.27044630314139	11.9026464699706	11.2430090659	10.858940933438	13.1447961671688	10.8984193450357	11.4433672951801	10.2804647793575	10.8854565127229	10.7963445185532	10.5065431568496	11.1056611184014	9.91560339290066	13.4522753861231	9.38953366790299	11.3595198878349	11.3999887708883	11.6002900215612	7.59973992935697	12.5254990423815	10.6982719010411	11.3157862154922	9.5234768067971	10.6575521123946	11.6029653507468	12.1117411496917	11.153147043293	10.8725979869629	11.6215880652367
NEGR1	5.68788374822682	4.08069416733551	8.2010504714883	7.65161465324621	6.89728293547006	7.66969192189877	7.6376871792454	6.17728731430365	8.22896937010332	6.97920299762473	7.14690810501609	4.05834391817191	5.15305183314837	3.61969940129433	7.12690326829603	8.74007250390152	7.10280094421133	8.18660261843452	7.07388741598027	4.03659324107926	9.89581984203831	6.98657556363486	7.8679696569147	6.62160397262523	7.07388741598027	7.69716923002579	6.90530696173652	7.12345866255793	7.57954004352507	4.21906918239111	7.247087415475	8.81960092640829	7.34616745858379	7.65540966388656	5.69630304291293	5.94244554667286	6.69341793454838	7.56348245028997	7.65120063048964	9.22720084636367	6.94254110801794	5.41174724600674	5.87603482221346	8.34115781022586	4.63561102769177	3.6451857412886	5.55765691404576	7.18869605553304	5.92071059182179	4.07454724732689	7.9738133259702	5.51081870878806	6.35140230352674	3.38739675678465	4.55591662419468	6.20154721516357	4.86025153682319	7.18658024629355	3.08337412353469	6.81984933004362	2.89712498175672	6.62046632840719	5.29432064715106	5.24261788676154	3.02688006433479	8.01478563545997	5.33263235239428	4.09650648059993	5.9871717932192	3.14982639947202	5.32993432875118	4.94164469756033	3.83353624145444	2.59597768290116	3.46597559922916	3.01087860381766	4.82974471727985	3.81218896494509	2.2491746929383	5.67179191650906	4.78570643837986	4.90090237755093	6.47070585809008	7.60119017621655	8.3357896970256	6.74709309408773	8.53483065466214	5.03337270762129	7.12992662601414	7.86651371318454	6.6742906920761	5.56040073185366	7.18106018851702	5.45954862965791	9.2182519133579	6.37708814396694	8.38838528125815	3.23857129294386	7.29028039676659	8.09871053441834	8.59835495182143	5.69422918081744	8.2764441863621	6.16459895848616	6.2644359967547	6.71346512325176	7.2011586336086	8.91697571988023	6.47724544223698	4.16992956895909	4.07127094170979	6.82780619938303	6.09460602878552	5.01551523169491	6.41905519799784	6.54868293907969	4.77592497787473	5.95429713566243	6.13111573641222	4.62539516310458	7.0390572531187	7.96084236443518	6.4374519152906	7.80312942388584	7.36362304326605	3.55747124462393	9.14407997313936	7.78686787707043	7.1515518439224	6.15117511435321	6.88138895353466	7.200092977607	6.17878799193439	6.93221696695395	7.71721758883928	7.12243089778785	7.38696377139877	6.15919726262209	6.21708675158325	6.09383478950603	7.79195334586096	6.86589656096216	5.59270152845303	7.04418380055055	7.14875319890761	6.15631836199194	6.95431881278493	6.42005782118441	6.9966622059219	5.83104403657426	7.40785467037374	4.48693806945476	5.3791743460213	6.04815333443353	6.46209082713313	5.11365496892689	6.90924294722009	5.78645069258877	6.15196196686287	4.69136842441294	7.12970361489135	5.98849197535992	4.48843457695006	6.96094059174122	4.92629378977493	7.3966418830741	8.38778425761589	8.00374538347967	6.18518375229992	6.96201903186872	7.65744400921927	9.578847382993	6.81181870509237	7.45322632898694	7.17323615204431	6.01505043675741	7.45728429009915	7.53470299362199	7.45155129818034	8.74087669965686	9.00955577429095	6.43917783759516	9.1349879749016	10.1836828640047	6.91423920396433	7.89225963443843	6.93483917555609	7.14118773714026	6.5328534820474	5.00577070001162	6.12371312534854	8.32012829578963	6.6941078237744	6.36362078186434	7.54147044469655	7.67192428913372	8.49602427310608	7.92415867834179	6.83801371509551	7.06268425703796	8.3934007781457	4.19503204723465	5.89080011128727	6.67197818252161	7.94371839808952	7.93543475936217	8.47695185723166	6.22726699755416	6.34421855276782	7.05541313581888	6.87324843261577	3.22713669311052	3.4527204372514	6.59231407196455	6.36878830121459	8.35837717389039	6.39404470231384	5.02380911884056	8.46006880999809	6.32217915274576	7.47652568015673	6.83734077164564	7.50842547334211
PHF21B	13.5701614566891	11.3737023202889	11.5500771174463	12.3536170084646	11.6818410602366	12.9435377300662	12.6389082885472	13.1934586975729	11.5099398757942	12.7042316493763	11.432228207118	12.7656000371238	12.6017674713155	12.3823467307683	12.8749306857721	10.5921693698137	13.1649776455075	10.4417994233752	13.1667706834115	11.015765646526	10.5826597309086	11.6300128583596	12.0016978930059	11.8138219684969	11.2532463356211	12.6034623540021	11.3167864805308	13.0723989267816	11.8040302216763	11.8127096006942	12.0193697242221	12.8218249562334	10.7806427927623	10.4302762196955	10.6943525768753	11.4928915157837	11.5043680831115	12.474719831511	10.694576735975	10.4709469663025	9.36349542072029	11.2527768442427	11.5016126975089	12.0333265013343	13.229989926982	13.505582661939	13.1864046429644	12.7006210822956	13.5597319945617	13.5217531458353	12.1348953435358	13.1601301014181	13.3792575617432	13.3235488885418	11.9665640369709	13.2131309482632	12.5105290323466	12.7666991767465	12.9775056862494	12.5592798733897	13.6665471727261	11.2050982335775	13.2945798387798	12.741194763812	14.26533769566	13.2441650203976	13.3683678887528	13.6850181200465	13.4656289430527	13.2917570710966	13.5097730193435	13.1952656350366	12.3435904463176	13.6070102094208	13.025462885104	12.6602499907743	13.5061405843533	13.1513955766692	13.4589795308248	11.8608334482505	13.0237835342451	12.4769651965285	13.4257760165157	13.5296505396108	10.6892479024267	12.250230087296	10.9974980572762	13.9180624598049	12.4954454268997	10.8866602213224	13.2135926397189	12.0111245978713	12.8366878806988	12.5858909406907	12.2291259225252	13.1760598913645	11.2338764003621	13.449102655822	13.3008771503946	14.0225162214014	12.010011927173	9.29094566867921	11.4881332861496	11.1201044791788	13.1226134733153	13.8566951129002	9.91614442275031	11.5857869000727	10.308607154924	10.3134330889785	10.8947785862093	11.6654239880147	9.5283860198094	11.9309676227504	12.2069453527306	11.8316282235091	12.1137185227292	10.2851147081268	12.0071209432736	11.8162609102855	12.8120144451123	12.7614567734331	12.1818430317168	13.3378056237298	12.7618162295726	12.6024515821756	12.3626770082902	12.1914576848042	12.0677213124308	12.7823505200016	13.449102655822	13.2240058910572	12.2560380859501	10.9972769909052	11.3285822371757	12.9242724345331	13.4313449988632	13.2153836804717	12.9039400239374	13.9186943296613	13.0678536981241	14.0476531277799	12.5254975396657	11.0977193405127	10.5275395470346	13.5171068524824	12.4766351655342	12.757387252076	12.7977166892224	2.44257743490664	9.11563021752129	8.24133026639969	12.1166942165191	13.6156170522268	13.8126466558894	12.7805086498686	9.79539225210614	12.0958124154614	12.778278963979	11.4444652158375	12.2035072595686	12.8616913254745	13.2908006983419	11.0249721912834	11.8976310749887	13.1482480830716	12.0532685073075	9.73135640689704	10.0693429264349	11.1281938842668	12.7151646181897	9.59735084735722	12.1494482928771	13.3557244038262	11.5606409105242	12.9395359805318	12.7485503389301	12.7819922968886	11.9701399807196	11.7245726019369	12.1708332574951	12.4526246066887	11.1146384762427	8.33480186080412	11.1939602054127	12.2281942292157	11.9157940922536	12.3244461253767	11.8781084393668	12.1340474640709	12.4357775716955	9.67824373814019	12.9718746304165	11.113005456543	13.89106084085	12.5344213314451	12.8070695584708	11.5646733633513	9.88722363833591	12.1572070247778	11.8696707971489	12.8040437127329	10.2715481901947	12.1190146567107	13.6016091711283	11.4928915157837	10.9480478182514	9.48608724835176	12.4305256926579	12.4948062164558	12.6841060015229	11.3631924579637	14.8455046307648	9.37512098140698	12.7610950097256	10.1697646188857	13.0881138554501	11.8556933742257	11.4747964932878	12.1320126821592	12.4971012630346	10.1664276838347	11.0602157254796
PPID	10.906530801593	10.708384228441	10.3992843284516	10.7191919417426	10.2831431150042	10.3455803096509	10.8459235056956	10.1495286665842	10.5935122080903	11.4946569123807	9.89831064167766	10.8956385209911	11.1807587325256	10.1213072515789	9.7915664668296	9.45536313934653	10.4637300076385	10.0717773596542	9.9671496943366	10.9668828304311	9.59950456807386	9.26156750181157	10.8724730452153	10.3862603427588	9.84787989859241	9.93591060996382	10.0227800023133	11.1234655241368	9.91791125758957	11.1206808520283	10.0903467190732	10.2693716003103	11.0245256380435	10.4619881576646	9.9491845856269	10.200434259973	10.1555613608661	9.95701087660976	9.70719055072248	10.0572502913037	10.4521286451368	9.73998926347683	11.0816183442524	9.88858428165685	11.2808154550141	11.3217176426066	10.77024388748	11.0272180630575	10.4402225259619	10.584579176254	10.5306888576116	11.2476816799903	11.1358217546273	10.8860111855067	10.699550319941	11.0222838506914	11.6770059934649	10.1620637975795	10.5889590371524	9.81897781307058	9.71573437454538	9.93979689618762	10.8994718233982	11.0465464796311	10.9807517188708	10.9113477142024	10.662274169379	11.060727742101	10.8573794410265	12.2990692911523	10.8967439068518	11.4837787709286	11.496941462956	11.7602115875809	10.791845214937	11.5516824666788	11.2544889828669	10.6924921017946	11.643833194092	10.1389264297053	10.1675482456536	11.0928529692499	11.4399539508026	10.8188507905541	10.1620908821051	9.65127428979249	10.4663076539499	11.2224614256064	10.3041353688223	9.79655472919405	10.9602465298525	10.9707505761298	10.3152331878333	10.171485411385	10.3624659488267	10.3525574157791	10.4588813884635	11.2079923484537	11.6799133811743	10.3059436087372	10.7293329290414	10.4374130247089	10.3526255796746	10.3758400837001	10.6099540042691	10.5699152703564	9.9643784523742	10.3431397362365	10.6782858136059	10.6083593751728	11.114912023524	9.30151727932015	10.124697046067	12.1785942943874	10.6487352368328	10.3484617935957	10.4774602587634	10.0103773924062	10.0348027503503	9.97551864314476	10.1041272987151	10.5238868366096	10.2962857967076	10.3963006519928	10.2901961888095	10.7062268921171	10.8068860901404	10.6905857078478	10.1751868890659	10.4511065150663	10.1449394856937	11.2871979372739	10.3316798961103	11.0033244966613	10.4952173873301	10.6039419165243	10.1952039416108	10.4760237944844	11.5151446562116	10.8046193908847	10.4275337415148	10.4037034309985	9.54986888609145	10.7373083648004	10.9330947146279	10.4565614312483	11.1710270360971	9.79191998545667	10.5871655574728	10.8558154365467	9.387304920278	11.3298774731735	10.1367246114095	11.7208278047516	10.4280096089108	11.0349285587991	10.0579285515156	10.6484796622256	10.1025600468507	10.736409793881	10.6136930942067	11.0169118178394	11.096833456275	11.1915271861352	10.4252511371995	10.5634075478212	10.276822179984	10.502299070426	9.89943484411759	10.2655138368204	11.2890498365882	10.7283350576658	10.6057465003271	10.3170827640018	10.7956376794837	10.3447078672396	10.3206839316079	10.1235279320229	9.714326967545	9.82182254072565	9.90810882808433	10.1561197314736	10.7710523278391	9.41493190516934	9.83555493684177	9.33554793628288	10.8746910591701	10.252385274361	10.3611646607271	10.0514293304659	10.0067810202238	9.45512761191397	10.5382986466668	9.78741116739251	10.1089060462724	10.595120386509	9.76524592174432	10.5422051789085	9.65614800088138	10.0366828698812	9.58800821723511	10.7709191716521	10.552342824487	9.63073768914093	10.2136499866183	10.5778089113829	9.68458179868724	10.0245808656389	10.1613752807126	10.4298001937987	10.663810370128	9.36488396168544	11.1432383041691	9.20720181581672	10.3467046734401	10.0015843040429	10.6050344798343	10.2530728101739	9.9351762150715	10.1181358925571	10.7033566857086	10.6265566908246	10.2130084433042
PSD2	10.0396176861323	10.3793706205787	11.5252380453466	10.9102248153616	12.0076882063731	11.383173602408	11.4883962742537	12.5488542046882	12.9275038230002	11.2100550155567	12.2145245313036	10.4825540710122	9.03882790641067	12.1308465938097	12.1854226057159	13.0627657141256	11.5001196141558	12.672653067002	11.3414644316755	11.5502996018572	12.426313645957	12.0333265013343	11.1076225781154	12.3215979401063	12.5823484932197	11.9215988172703	11.9809656130705	10.2512637197438	12.6783761117925	10.7770674937349	12.1311271814369	12.3203305094401	12.2723337208604	12.6017674713155	10.6449038376423	11.2894971264769	12.1181360017304	12.1473513929459	11.9662864748603	12.4295568541757	11.4263506774729	12.1508870119512	10.8994096713492	11.8781084393668	9.39629484573391	8.43439158998578	10.0358939026398	10.462733898969	10.3476093871536	10.9652413888249	9.78970008434888	10.300094275434	9.60630482843779	10.1795477729387	12.092932027173	8.96525417506897	10.2422053443001	11.0256641634671	10.4017229370945	10.3138484371263	7.94803921873847	11.5794038420738	10.8137291840533	9.47231815383044	9.29054740339883	10.1001985402279	9.80190624684876	9.7480821293513	10.1634956802132	11.6878158949896	9.79193007428382	9.26472946960568	8.45270174350533	9.9713166330781	10.9866663043941	9.81497076477062	10.0689321096752	11.0155322693055	9.9945315825919	10.3101279551955	9.983141405386	10.247716911296	8.75449396484343	11.4098375704954	11.2913801575203	11.6231574668112	10.4069960089305	9.7974523549865	10.8335935424361	12.3664959691808	11.6996446392691	11.8251741653039	11.6823599465614	10.7274682803736	11.5319924395858	8.69750915821655	11.3460415716507	9.23006398572538	9.0924943714803	10.0237802642559	11.7366333658402	10.7532501754811	11.6091690032279	10.9361373659889	9.29034488736525	9.06087111736776	11.3024601804215	11.6975078194749	11.9707131489222	8.39441162373946	9.90598757353158	11.7043768960015	10.1797619078082	10.4882360365485	11.5962633654918	11.872634190039	11.2416070459273	9.98153501429796	11.4721015120555	10.5767755831995	11.8742540350972	11.1101753558527	10.9065560135902	10.8544519638462	12.9641748910809	10.1334876739731	10.6064434742754	9.94550536145888	11.5725197419986	11.2606098107663	11.2401132094709	11.3853723506968	10.3820657861294	11.3775696689613	10.9150198927933	10.6181012629206	11.2782231524496	11.6654239880147	11.9743468673596	11.4774925298289	9.73481616638083	11.4417550688707	11.4921461679777	11.8159697100456	11.2880284676514	12.0239976985443	11.2971624043423	9.88253409696026	11.0209872625691	6.4955234177704	10.6277595336329	8.01215062372934	10.9835054511553	9.96276539557001	10.3731341142786	8.49743143023676	10.481281081287	11.2749399533097	12.0234256256506	12.420801102001	11.3138934720282	11.6150057142447	10.9286788268224	11.7834624098001	11.9075689583458	11.4789642570335	12.1485538139379	12.2004846327065	12.1642995644464	12.3946923166754	11.6654239880147	10.7492865278985	11.204193246102	12.4001732059192	12.0897532555648	11.0787912288581	10.6023338071271	11.5699920688799	12.1875795259774	11.7980827708728	11.7714558070096	11.921031725146	12.1328582986426	11.0725511641536	12.3554909493471	11.5591323665314	11.1438288564447	11.6266947125424	11.1712558392071	10.1195558257827	11.2952600065985	12.7188228163862	11.8305988597793	11.2136293769637	10.5138175072214	11.1530909346021	10.9810795964948	10.4856081048824	10.3094744517229	11.7069514203879	11.8127096006942	10.2466693118713	9.22160810571195	11.4821812432362	11.8524162898469	12.4799496289957	12.5886316645533	10.7746452521122	10.4795635329786	11.9734961873858	11.7936932900729	11.6672240909594	9.32795373896246	12.1622495498466	11.2079590435848	11.9241420270046	10.9710301452023	11.9293654822604	12.4143390714813	11.4971115070562	12.1836305738977	11.6129949967783	10.4893539290983
SAR1B	11.3184544150682	10.7781930433029	10.0061271980674	11.1543139514762	10.3414691497278	11.0319276082636	10.6559312490462	10.575029019165	10.2966157060729	10.6196461324225	10.8793957506514	10.4452615562291	10.7074410086178	10.5554466082686	10.8448129044758	10.189148714153	11.4341574564241	10.9521329029234	10.4494851601723	11.2646752183883	10.6431394247835	10.3968364857746	10.7396514741383	10.8300448235293	10.5493267645922	10.5837594027051	10.4311587162686	10.9406503134796	10.3210542292787	10.9601857480656	10.9705764073604	10.5281859509451	10.6141753134654	10.4110741581076	11.05836520251	10.586793404037	10.9599482126667	10.1522275901837	10.1050179574911	10.3703799156615	10.5019647806403	10.4104356786264	10.9928255037536	10.836553824518	10.7565139447058	11.7771154643281	10.9744293620671	10.3843873623262	10.7735457632417	11.4052086247787	11.6043642251905	10.6296888183963	10.9163929066434	10.5348608996781	10.1367256931071	10.4647870634898	11.0970053992307	11.2023174912662	9.97889800682291	11.2706104066646	11.2570986963938	10.7545620787355	11.5397606571534	11.2396536579764	11.6541068356295	12.1613249855731	10.6475116006492	11.1745480965687	10.9664303998996	11.1111237204382	11.0125462027823	10.8816939397911	11.8898181700593	11.0085113407278	10.2834075252072	10.6614375233983	11.0838747448002	10.709399036409	10.5778699752016	10.2546496486685	11.212180083443	11.553083720535	11.2774960001351	11.0378927112231	11.1327965649626	10.4193732389662	10.6802256209134	11.4563462484493	11.1193935283906	10.5079961395589	10.725481784988	10.648807306521	10.1916668010257	10.7517280944117	10.6694915767806	10.8082516401851	10.6416330682148	10.5266365986998	10.2498223469011	10.9440219485404	11.1876425597871	10.2380280867611	10.7623004040442	10.671036584193	10.2285848294172	10.8219712095965	10.5878833074073	10.0650196899658	10.8891084553486	10.7712897059522	10.3654932971978	10.3199977639511	10.8801139841012	12.4806585239565	10.398958322098	10.3018732044388	10.5413076503076	11.0039670658277	10.6367970698957	11.0102873264335	10.200006024317	11.238681180546	10.625580039261	10.752599256709	10.4522060358072	11.1341897232004	10.7605375983371	11.5740453710135	10.367202464693	11.0323789597339	11.0560736646104	11.2692125781098	11.0009472085157	10.0021220509661	10.8066873329202	10.8891084553486	10.6235939249556	10.3471917216501	10.320422388927	11.2603775210977	10.6516442082426	11.3086134854592	10.7757225177247	10.2851147081268	10.8670159943544	11.0326157291403	11.2377058715532	10.4170215739013	10.7946683276669	10.4415858110799	11.2231212531971	11.2520679377945	10.5357219797886	10.6965345344387	11.2202542621417	10.6919184576758	10.35124012363	10.3708224608548	10.4263871971728	11.1787397240219	10.5249494119629	10.4689995137398	12.0022339615505	10.6769556089387	10.850350913253	10.3185659386066	10.036535025315	9.98601094334836	10.3424907093609	9.88375189207706	10.2888352136964	10.7063715895077	11.082244014682	10.6229342746193	10.9652413888249	11.5671969547843	10.4015162926159	10.6622867347145	10.1749820994006	10.4246971482831	10.9780822728296	10.8571955939972	11.0143771676101	10.8853272583545	10.7560840909351	10.255047780508	11.2603775210977	10.1423338573238	10.8046480474892	11.0397614911578	10.6438122564277	10.5960529982091	10.3056208674719	11.0200774777053	10.59408492968	9.66503087433567	10.1651911097238	11.3336022374304	11.6742827815361	10.2070911084284	10.8102776051404	10.391857008583	11.921031725146	10.8983064499261	10.5664190559167	10.8450291811959	10.5234663885937	10.8423054836657	10.5833320758786	10.7889158072949	10.6268816353766	10.9864308335779	10.6887990157765	10.3439617218775	10.7298999453397	10.8170635174483	10.7752949066297	10.5702857692879	10.8143875989826	10.5095123867625	10.8470349898645	10.977379914303	9.95062775158037
SERPINF1	12.5151653716271	13.7162130712798	11.4686975011914	11.6310534611605	9.98479098833702	12.4404320098582	12.7823505200016	11.2200201101263	10.99144205691	10.8152634053823	11.6448613303646	13.3826253456279	12.5281424395453	11.8729049519818	9.99636556785346	10.9198290037545	10.6014533429842	11.7213467679736	11.6183633740245	10.8275714848975	10.4729006799757	11.5006311169065	13.9186943296613	12.4364549853201	12.9902335199923	11.5550864616231	12.1413014821532	9.98093149543632	10.7790779462843	11.397708731652	12.4334200595848	11.6466622703673	10.0328420040763	10.0120582247632	13.1845910883164	10.0600646099538	11.3239789749439	12.6861807347536	10.0035274053647	10.0888588493471	10.6156956474237	10.5017441847206	11.0667615334987	11.8831205341364	14.8022785277102	14.445150640722	15.0075180653633	14.8275849941338	12.3694214567849	12.5734896252568	14.1887077862955	11.4184699179296	13.9463519807704	13.9912622695186	11.9864534539283	11.6142558396932	14.3995431889411	11.7934229073333	14.6083321462152	10.2077212447585	14.74492535355	14.2428790663095	13.9689684126338	14.9717912259068	15.1955723538524	8.785789865549	14.344213365586	14.9876042964917	12.0885855227386	11.8021517107467	14.722717891244	14.2292562032852	11.8367269007371	14.0531015270665	14.2520699783278	12.6183124109883	13.9840989970582	13.0786933183617	14.3818059358687	15.7806906931012	14.4251800767084	13.4999165054035	13.9457386791939	10.3527236242828	14.0320368421716	10.7263770448491	12.7890691468703	9.93087203738385	12.4033535511099	13.0829571187005	10.7724194015442	11.0005017739178	10.3300475202944	12.02485983033	8.65553427376231	15.1510145213084	13.3581337396491	13.7045401114404	12.1081395650067	13.2240058910572	9.85772823354056	11.08158385954	11.7152138746112	13.6223916483983	12.9674228747683	13.9470138268645	11.2601355532623	11.7811084642233	11.1743037584057	13.455455413314	11.4172388552668	12.0439477888737	14.7322022943011	11.5178604164508	12.0523837537431	13.3792575617432	11.5307941566544	15.9709312247775	12.3655471855099	13.2786105173784	12.4907419450073	11.4844224111124	12.4182326237732	13.7704893495897	10.9905241583848	10.8512437167448	9.98927438226924	13.9689684126338	11.5066336028373	12.935498186082	13.4211701074036	9.81581807160987	12.2047624906676	10.8039896193319	13.1297285762884	14.7176263504923	10.0210334381985	13.1765339303443	10.3633336830065	12.01344330427	12.1550743206003	10.8013523119938	10.6420967662967	9.97518078656765	12.0972308945531	13.9199688103841	11.9334583406785	13.172982899621	11.2327070864203	9.90819283021807	12.4598145571189	14.3759233063045	12.7707838624004	14.6369759349737	11.7511923753099	12.6393017162904	13.9749903260792	11.2423129974918	11.0198398576591	11.6122622913646	11.5101716647358	11.8402091544758	11.8418491852348	12.8478341372318	11.3826866518841	13.1667706834115	12.1187164838502	11.9471187929396	12.2100169746648	11.4933908870225	10.5543308736021	13.89106084085	11.2496939279543	12.5758147125922	11.4906893350705	11.7191943871134	12.7816346136787	12.4662093095707	10.9221436698872	11.8198080771714	11.9818730003319	10.8965386086815	11.117230802158	9.02280428872619	11.2803714352549	11.8570083820873	10.1322346958341	10.7886960916758	12.4994861721442	14.6936006965056	13.5842488207647	9.52744248368747	10.3022765088541	12.7823505200016	11.5722664839165	13.4151568675736	11.254460570094	13.7316521575934	14.0489826123766	12.3594212557816	10.5672474079226	13.4804298954068	11.4750379860359	12.0140409520048	11.4777394948949	12.7057044576995	12.7711798681732	14.5308959849584	11.7298756748335	13.3440921693933	10.3254189238268	12.3416233956327	11.8729049519818	13.745114700101	11.2837240587416	13.7162130712798	11.0333245554293	10.1166103210739	11.7640415375824	13.2649643459388	9.7203154545332	11.8630571544408	11.7859028532491
THRA	11.6137323984368	10.7695483530093	11.8128028872022	12.4572814737289	13.7089077193981	11.7181655090565	12.6161271111646	11.9936329583433	14.5647257294341	12.512502068489	13.8772540663932	10.7838637713642	11.7590092847589	12.4026514501067	12.4148458590129	13.3279491771118	10.4357589160826	13.7947881779956	10.4412098344206	11.4954851511573	13.7391232500808	12.4475701652536	12.3606296269943	12.2884871678185	12.1643514500129	13.107274678221	12.1395723550188	11.0904891927125	12.3800736841734	12.9357721413522	13.3020397449229	12.697719849521	13.103187680009	13.9332166888242	11.8612635352244	12.6770385912253	13.3002130417517	13.4996896538882	13.4786019290573	13.8375175738368	12.2232090599707	13.1074062138553	12.8095798021785	12.7712522983387	11.7345294885038	10.0527633322564	12.1197874100884	11.9893800486167	12.7331749044007	11.5117941078336	11.1999733265094	11.875002043117	12.5503111992685	11.1787828617779	13.9423663521603	11.0663579334001	11.2904207015411	12.0355986098967	12.9924064467501	12.1252302705719	10.4719386569379	12.7203055024829	12.0362669131032	11.3263463625616	11.5677937076658	12.0990572409372	10.9548552251415	11.0337949023017	11.5116621806777	11.7746333134136	12.1078095770879	11.2189875438193	10.3696379222507	10.860392936101	11.217610710446	11.9094431007445	10.5858213445742	11.2291143464888	11.160819312506	11.1500541786288	10.7105104000587	12.3212614400204	12.3847682096842	11.0567879254067	12.7421147386136	12.414207393869	12.9456661826478	12.7235585168733	11.8879267495474	12.9905637382017	12.0289905124623	11.6101893840686	12.8221845602051	11.1802401168264	11.6290813437999	11.2489799713417	12.012372389002	11.2651452800483	11.5915298573615	12.8159517841632	12.5332294279992	11.8760656754364	12.462572032986	13.0828948887588	11.4106673617969	11.4576042044772	12.6455186195425	13.0191356736094	13.2224106938691	10.364915786746	11.3489559143526	13.5601213843886	12.2205828800498	13.403391239861	13.569630071317	12.9519463906514	12.0284257529256	11.7390487689843	13.2680395017174	12.8104542746515	12.5030266136217	12.4046661026742	12.146391089482	11.1511850515311	13.8470985404943	11.415829296655	12.0900093590421	12.3822448538439	13.4021693799379	12.3424213158314	12.1372273893367	14.0405672329287	11.1032405918566	12.6646081291719	12.9644554650851	11.8202731420915	11.982191624377	12.1168970721138	12.1676553699654	11.903363105534	11.231791966287	11.3810073113188	13.0451285728419	12.5753101106722	13.0808427301788	13.5383063801578	12.8890661652691	12.4998285471331	12.0572071565975	12.4191418491736	13.2632960111344	11.8917016692886	12.1945921415855	12.0823830031991	11.4919869864097	10.7331918589303	13.0604756731512	11.9999942806809	12.9720029780729	13.0990285660779	13.0568689026157	11.8211058374319	13.2864503869905	12.3935675106357	12.6425113519207	12.8276336081213	13.6272388806641	13.2439443206975	12.8809236598652	13.2556954727343	11.69126526007	13.6653621623005	13.6655280051147	12.1332934027237	13.2332738784298	10.9406123280228	12.9220214676229	12.4346094054275	12.8578209819023	12.797118043112	12.3369483974504	12.4314059757691	13.2573409532458	13.7623435901582	13.0175630403305	13.7407355516809	12.5112054791082	12.8795576868993	13.1990164141061	12.4613292539449	11.9533034425107	13.4281369607159	11.8879886801056	12.4352535922389	12.571691085569	12.5744720346065	11.4945697408568	11.3632827819843	12.8291135086881	12.7803821687219	13.6298987471814	11.1983203709276	12.8338517498919	13.1885103767874	12.7132956908132	13.874173192681	13.3037417762412	13.7430341389658	11.975792789681	12.7889515927758	13.0085682392425	13.0730187114887	11.3774355895345	12.9827112521749	11.6591152014408	12.8869887510709	13.7134721634307	14.304991405567	13.3686758064269	13.0149000091327	12.8555414669004	13.4566051051783	13.9778900456605
TMEM108	9.53383360836042	7.28915520895078	8.70461498100975	8.49569849920796	9.4030372175877	7.75609730814551	7.3465464314118	7.9538758031766	8.3134039725651	7.88714300441923	8.91569150077372	7.62309378386879	7.82843365255101	8.61595323080188	7.44148974535744	7.84737980032402	8.42213620963914	7.57945879511467	7.95697380158445	9.91714570337918	8.27791909114772	7.67483970087411	7.44604354906759	8.5505494403547	7.72120756924798	7.86155556507732	8.30244423772353	8.42163938020748	8.1970140111717	8.75054133256854	8.58329454187931	7.90214718877872	8.10597329044643	8.88095034804152	7.22738620868212	8.08782452713715	9.78878891551894	8.22157009158213	7.46920565164694	7.76568805049342	9.22455343466312	8.57753595093938	9.55362959183958	8.83242900103598	9.51388822317033	9.02401974389715	7.75807447557428	8.44222220395953	7.80906930854422	9.27136927852391	8.15600170052187	8.4195325181541	8.16866318840505	7.331789772615	7.45771157939667	8.2380397055272	7.08830890179502	7.66693055363365	7.41704232740954	8.22380432469964	5.67721855901006	8.54034698705205	9.71621459745686	8.05773015218763	7.68371275053621	9.8840212443396	9.77851722159912	10.812864079584	9.07586717299018	6.42926255088923	10.0786805456601	7.96036736882099	8.60923612731714	9.80505741357149	7.52666799929166	8.68404780459709	9.25446710250504	8.4574534331945	9.4028036134285	7.33938844762784	9.55001162713196	8.00768821572265	10.2381586547669	7.99395058607186	7.4525602019005	7.91802799549473	7.55645825053183	10.0422844142937	8.49501235307859	7.47104615387286	7.53142539080403	8.66839064582078	7.70054261290012	8.47615539953231	9.13723734495127	8.18809841880495	7.47186577369122	9.94733175906619	8.14275792390497	9.09476481544243	9.39306796659205	8.46095394733245	7.92446566586974	8.60513582492368	9.57302973035812	10.0652439543954	9.11666234985329	8.41619134224281	9.35986048880956	6.33856676118716	8.54668181927064	6.86229397395541	7.76999616724778	8.54467723860463	8.02364829957856	7.33034068368559	9.69406196558166	7.41329364940039	9.63367989326649	9.55795142536259	8.53274224562789	8.45426399977412	8.58921329552335	6.79940887938721	8.57851156919026	9.06845105211464	8.46999510404973	8.42937908676617	9.61553503295445	9.10990144561091	9.33888959572091	8.60046158025613	7.59914959004047	7.95404137345696	7.986275926383	7.98583618641045	8.5857244012348	5.74700760293336	7.09163891857386	6.87585744739201	8.05759236924003	9.06685468388983	7.104940500785	9.57024399930035	7.99066106273443	9.71435613812371	8.19553531889256	9.20278663307288	9.3546674299058	9.5535937612081	9.34534266529239	8.40903442169509	6.50022012934476	10.822360943358	8.57013795481568	7.2916858654277	7.55156092000479	7.91452110320051	8.45589069232511	8.78257305910355	8.85769595839327	7.94549304698683	7.26233260943811	7.12700499485392	7.76089732395746	7.74098004049034	8.03477739543732	7.50120323253249	7.84140309485859	8.74927503415855	7.61230230725771	7.32549677209807	8.02147559731286	7.55092000894706	7.94177903272596	8.1911436742513	7.67336929989975	6.99335691305707	7.55276173678314	7.46173875371942	7.86451709607813	7.53286559305565	9.20977036786699	8.53947949563195	7.99792751381299	7.55520199844356	8.1466711761727	8.0056136802002	8.18653443418154	8.32973125201039	8.5453983276316	8.64756138574595	8.47946094075757	7.16860530138192	7.52959723237839	6.33271881370983	7.90209328722238	7.96206916928618	9.31726825780324	8.71169939945431	8.02635564758889	7.22713680693388	9.57102062061557	8.33761505940949	8.96040341940552	8.92691015968955	7.55719230759266	7.51984978322417	8.59276962889925	7.3319228685544	8.52356217501098	8.63191013920062	7.65823779388954	8.02238781608868	7.2572340512287	8.69977552037637	9.91747454922805	8.42540009454556	8.8839325452599	7.95374096949483	9.25352550562465	8.83034754156875	7.58635372814629
